120 447
120 448
120 449
120 450
121 447
121 448
121 449
121 450
122 447
122 448
122 449
122 450
122 451
123 447
123 448
123 449
123 450
123 451
123 452
124 450
124 451
124 452
124 453
125 450
125 451
125 452
125 453
151 270
151 272
152 270
152 271
152 272
152 273
152 274
152 275
152 276
152 277
153 270
153 271
153 272
153 273
153 274
153 275
153 276
153 277
154 192
154 193
154 194
154 195
154 196
154 197
154 198
154 199
154 200
154 201
154 202
154 203
154 204
154 205
154 270
154 271
154 272
154 273
154 274
154 275
154 276
154 277
154 278
154 279
154 280
155 192
155 193
155 194
155 195
155 196
155 197
155 198
155 199
155 200
155 201
155 202
155 203
155 204
155 205
155 270
155 271
155 272
155 273
155 274
155 275
155 276
155 277
155 278
155 279
155 280
156 192
156 193
156 194
156 195
156 196
156 197
156 198
156 199
156 200
156 201
156 202
156 203
156 204
156 205
156 274
156 275
156 276
156 277
156 278
156 279
156 280
156 488
156 489
157 192
157 193
157 194
157 195
157 196
157 197
157 198
157 199
157 200
157 201
157 202
157 203
157 204
157 205
157 274
157 275
157 276
157 277
157 278
157 279
157 280
157 488
157 489
157 490
157 491
158 280
158 488
158 489
158 490
158 491
159 280
159 488
159 489
159 490
159 491
159 492
159 493
160 490
160 491
160 492
160 493
160 494
161 490
161 491
161 492
161 493
161 494
162 490
162 491
162 492
162 493
162 494
163 490
163 491
163 492
163 493
163 494
164 494
211 135
212 134
212 135
213 134
213 135
214 133
214 134
214 135
215 132
215 133
215 134
215 135
215 328
215 329
215 330
215 331
215 332
216 132
216 133
216 134
216 135
216 328
216 329
216 330
216 331
216 332
217 131
217 132
217 133
217 134
217 135
217 328
217 329
217 330
217 331
217 332
218 131
218 132
218 133
218 134
218 135
218 328
218 329
218 330
218 331
218 332
219 131
219 132
219 133
219 134
219 135
219 328
219 329
219 330
219 331
219 332
220 131
220 132
220 133
220 134
220 135
220 328
220 329
220 330
220 331
220 332
221 131
221 132
221 133
221 134
221 135
221 328
221 329
221 330
221 331
221 332
222 131
222 132
222 133
222 134
222 135
222 328
222 329
222 330
222 331
222 332
223 131
223 132
223 133
223 134
223 135
223 328
223 329
223 330
223 331
223 332
224 131
224 132
224 133
224 134
224 135
224 328
224 329
224 330
224 331
224 332
225 131
225 132
225 133
225 134
225 135
225 328
225 329
225 330
225 331
225 332
226 131
226 132
226 133
226 328
226 329
226 330
226 331
226 332
227 131
227 132
227 133
228 131
228 132
228 133
229 131
229 132
229 133
230 131
230 132
230 133
231 131
231 132
231 133
233 524
233 525
233 526
234 524
234 525
234 526
234 527
234 528
234 529
235 524
235 525
235 526
235 527
235 528
235 529
236 526
236 527
236 528
236 529
237 526
237 527
237 528
237 529
238 526
238 527
238 528
238 529
239 526
239 527
239 528
239 529
240 526
240 527
240 528
240 529
241 527
241 528
241 529
242 529
296 140
296 141
297 140
297 141
298 140
298 141
299 140
299 141
300 140
300 141
301 139
301 140
301 141
302 138
302 139
302 140
302 141
303 138
303 139
303 140
303 141
303 324
304 137
304 138
304 139
304 140
304 141
304 322
304 323
304 324
305 137
305 138
305 139
305 140
305 141
305 322
305 323
305 324
305 325
306 137
306 138
306 139
306 140
306 141
306 322
306 323
306 324
306 325
306 548
306 549
306 550
306 551
307 137
307 138
307 139
307 140
307 141
307 322
307 323
307 324
307 325
307 548
307 549
307 550
307 551
308 137
308 138
308 139
308 140
308 141
308 322
308 323
308 324
308 325
308 548
308 549
308 550
308 551
309 137
309 138
309 139
309 140
309 141
309 322
309 323
309 324
309 325
309 548
309 549
309 550
309 551
310 137
310 138
310 139
310 140
310 141
310 321
310 322
310 323
310 324
310 325
310 548
310 549
310 550
310 551
311 138
311 139
311 140
311 141
311 320
311 321
311 322
311 323
311 324
311 325
311 548
311 549
311 550
311 551
312 138
312 139
312 140
312 141
312 320
312 321
312 322
312 323
312 324
312 325
312 548
312 549
312 550
312 551
313 138
313 139
313 140
313 141
313 320
313 321
313 322
313 323
313 324
313 325
313 548
313 549
313 550
313 551
314 138
314 139
314 140
314 141
314 320
314 321
314 322
314 323
314 324
314 325
314 548
314 549
314 550
314 551
315 138
315 139
315 140
315 141
315 324
316 139
316 140
316 141
317 139
317 140
317 141
318 139
318 140
318 141
319 139
319 140
319 141
320 139
320 140
320 141
321 140
321 141
322 140
322 141
323 140
323 141
324 140
324 141
325 140
325 141
360 292
361 292
362 290
362 291
362 292
363 122
363 123
363 124
363 125
363 126
363 127
363 290
363 291
363 292
364 122
364 123
364 124
364 125
364 126
364 127
364 288
364 289
364 290
364 291
364 292
365 121
365 122
365 123
365 124
365 125
365 126
365 127
365 288
365 289
365 290
365 291
365 292
366 120
366 121
366 122
366 123
366 124
366 125
366 126
366 127
366 286
366 287
366 288
366 289
366 290
366 291
366 292
367 119
367 120
367 121
367 122
367 123
367 124
367 125
367 126
367 127
367 286
367 287
367 288
367 289
367 290
367 291
367 292
368 119
368 120
368 121
368 122
368 123
368 124
368 125
368 126
368 127
368 284
368 285
368 286
368 287
368 288
368 289
368 290
368 291
368 292
369 119
369 120
369 121
369 122
369 123
369 124
369 125
369 126
369 127
369 284
369 285
369 286
369 287
369 288
369 289
369 290
369 291
369 292
370 120
370 121
370 122
370 123
370 124
370 125
370 126
370 127
371 121
371 122
371 123
371 124
371 125
371 126
371 127
372 122
372 123
372 124
372 125
372 126
372 127
373 122
373 123
376 548
376 549
376 550
377 548
377 549
377 550
377 551
378 548
378 549
378 550
378 551
379 548
379 549
379 550
379 551
380 548
380 549
380 550
380 551
381 548
381 549
381 550
381 551
382 548
382 549
382 550
382 551
383 548
383 549
383 550
383 551
384 548
384 549
384 550
384 551
406 139
407 139
408 139
408 140
408 141
408 238
409 139
409 140
409 141
409 238
410 139
410 140
410 141
410 234
410 235
410 236
410 237
410 238
411 139
411 140
411 141
411 234
411 235
411 236
411 237
411 238
412 139
412 140
412 141
412 142
412 143
412 228
412 229
412 230
412 231
412 232
412 233
412 234
412 235
412 236
412 237
412 238
413 139
413 140
413 141
413 142
413 143
413 228
413 229
413 230
413 231
413 232
413 233
413 234
413 235
413 236
413 237
413 238
414 139
414 140
414 141
414 142
414 143
414 144
414 145
414 229
414 230
414 231
414 232
414 233
414 234
414 235
414 236
414 237
414 238
415 139
415 140
415 141
415 142
415 143
415 144
415 145
415 229
415 230
415 231
415 232
415 233
415 234
415 235
415 236
415 237
415 238
416 139
416 140
416 141
416 142
416 143
416 144
416 145
416 146
416 147
416 230
416 231
416 232
416 233
416 234
416 235
416 236
416 237
416 238
417 139
417 140
417 141
417 142
417 143
417 144
417 145
417 146
417 147
438 540
438 541
438 542
438 543
439 540
439 541
439 542
439 543
440 540
440 541
440 542
440 543
441 540
441 541
441 542
441 543
442 540
442 541
442 542
442 543
443 540
443 541
443 542
443 543
444 540
444 541
444 542
444 543
445 540
445 541
445 542
445 543
492 520
493 520
494 518
494 519
494 520
495 518
495 519
495 520
496 518
496 519
496 520
497 518
497 519
497 520
498 516
498 517
498 518
498 519
498 520
499 516
499 517
499 518
499 519
499 520
500 514
500 515
500 516
500 517
500 518
500 519
500 520
501 514
501 515
501 516
501 517
501 518
501 519
501 520
502 514
502 515
502 516
502 517
502 518
502 519
503 514
503 515
503 516
503 517
503 518
503 519
536 341
537 341
538 341
538 342
538 343
538 344
538 345
538 346
538 347
538 348
538 349
538 350
538 351
539 341
539 342
539 343
539 344
539 345
539 346
539 347
539 348
539 349
539 350
539 351
540 341
540 342
540 343
540 344
540 345
540 346
540 347
540 348
540 349
540 350
540 351
541 341
541 342
541 343
541 344
541 345
541 346
541 347
541 348
541 349
541 350
541 351
542 448
542 449
542 450
542 451
542 452
542 453
542 454
542 455
542 456
542 457
542 458
543 448
543 449
543 450
543 451
543 452
543 453
543 454
543 455
543 456
543 457
543 458
544 448
544 449
544 450
544 451
544 452
544 453
544 454
544 455
544 456
544 457
544 458
545 448
545 449
545 450
545 451
545 452
545 453
545 454
545 455
545 456
545 457
545 458